$ANSIBLE_VAULT;1.1;AES256
37363264373534346331356532363038646132643536326538393435313365613663626161643831
3264613835313030313866623930323165383234656436660a343864313239346135313532616266
62366537333061343430643337346530616433613166313437363066653066303731333162623536
6438653634656134640a363235353666666365343463646464333234343539636633636230313262
65323433376439653832613562316532353263336637656463343236373461643064643136313130
34326436623034626131363363326530313130626433306538643136313163643130313230613361
37656235646131323366646536303732653732633632346338393336316436373230346436613362
62616231316239373933313763323666646334623730363966323434636236376435373939353230
63323361393131356132386236313532616634643936393739333530623931663366623431626532
33626434646266346538376133613466326637353833653931346665346465653162373838643363
63636632386533623636336663383261663832303131333638333836306232373331396536633962
34363037333337666330636136646231353630366632356562353763386336346361303163626364
35393663363365356261326535353665616338363465313037643563646331643832363037663663
65373336663537636337386466383166353038396633323232336136306466623736626236386264
31363737303866376537396231613164663133623137653730663939626538333439646135386464
33343839316564623566326363333532626465646134616463383332623164306332393532393738
36643933333539356566663034666533643666326237303932656431643062363262623831633562
64333362383634616161316537643234376163626165346261643966646632323837376338663466
62316564313966656538613863313766613631346137626630393366633938363065316233323531
33353965373933363562316439636230373465373437373664616239633766363062386665616239
38656163653164363239393834383662393465323931393534623266633665316563383932303535
36366566313738623064636430333830393735386231353530613663396332396561653031386536
30306165616538386438623066383030663537356535623639633830316564326232316361336165
66613030666231663666313066336436656339623861353133366538653466616435373735363964
62316535343466346261373436616365303361326364336635323833633335643836356636643830
61333463393764616436313237323737373930326262666632353033623237323664643865303734
64333139636137356334633838653830623664613733353266383661616339333862326233666538
64393232356164643466396133373664333035643261613932363766333037656362383437663430
33356632333737373730383338363864313236633839643839666439643664376234653931663862
35633433656338373962316136653032306535376461326331613932353265616364666534653461
66613733613737306431393362666463633432643834363833613234323734633634343538613535
31653832613937386161633938363935653461323831646335323433396463336334326537303138
61393732323730626261623861306364396466653562376538313463633862663761633461306133
33333762373034363839636362643462383065663138633430646163373034343238353332663635
30646531343332613165636634663434306433666530383937643231393638323830386637363465
34613039356538616161633465343862333136303530336639373539656539643961616165343564
33366134623938333132343333386234383439646333333739346462663564656537353636626665
37626533353631353237366265356130626434393736313539393833353636666237336430363231
30383636616236333932333031656639356236313635643939386430376362303032303937643538
39663265666164363065333166353233323133633864343234613162633732333038373338313534
63643864316164616536643338666632313433633061376336326431316166396535396338303561
37363963343366666131343534306430616336666566373333653833656138303362396262333434
32376439636362333961626630636463376366396361393439326239393961643639663065353931
32313562373139316639663137323536613766313332346630383864636638616361366362646339
62336666653563306236363137396262653933623361356161653333323266376532623439346665
61336165643239666437373237336164656632333238666466303739616261656139346634396632
62363634366636306464306166646563653065623234356564616432303932376539356338643865
34373064616233653939653065623437346339626562313564333830313830333039383938393233
61623431613665323034393232623330646130356461386162323432376431363739323837623638
30326262313934343963616662316264363031356230323433336634353363646636336135616632
64616635376232343966646330383136636266663532373465373330323166336131353864623037
65303333653331313631613931386663653536326264346165663965666234363262636131353330
34643562323539646634323265363931303637363937616135626233626166373665623936616230
63623562313666633663333161633139333239326463666436373137383530323433386436663238
35396461626130656639333865306565663738633038313762323865613938656565643331386566
30323132356161353436333261633135323161653164336131656665376133656363303931653533
31323433343330326538326433613135316434356263343332313037623462626338656532623936
63663833383837613636323132663662366133316431313239303561393039316261343463643564
32313230373135346661346631663836616237303738613830663966363838626330613539363561
62643433313065396561393630303965663834336439316566383962613864653961323463663433
38643565373731313532626363623562666265306232636430353138303839373537343262363861
37373163373364343364653932313762383263633930393630366466626630326139353439356337
37393035356663313266356538613831623666623838303238336234643135393964366131366564
35613764653062316239323963636265393366626563366439663261393965353939656132636532
61386536376333383234643630393138316233333066663832626333323030653065396435663639
32653335316661356365666433356366663937313561616433393032383434376364626532346133
35663966343537643265373937616633663131333334613361666264336138616234666463366338
62333934653566626135656263343333376563356433383764396465653931633537336437393938
35623137656539363064666134363861393563626465333332396137626163396533663832663264
38646465356232646530393535333661633463376339666138316536356234326133656336346364
63653833326334383337633036633830363765363562653334316664626164366665366135356565
61383233386331653865386232656331333666346266653633333131333166363065363439376232
65393539343339316465613430303832373165313064393832646430346138306237393838333265
36663562653432663536336436396361643062303764333561326535633062353165633566336239
63633837623865383738313932626237383562313034333564323165643264633962663030396430
32383734616131333036313634323766643161323061383237633533643966663161383134353138
38633936623033366530386133666232366230623435333236343631666236353435346433376265
65656162666237366135373837363039373130393564333130373961653632653037396565623861
62353865313666396134343761653438383738663861343765313137346364336331323736383164
35646638616233313137333839656137663330626530373938313437343136326363313139346332
64643034326139653132376361616633656239396133626335373339646533666662643632666534
63363363613533613432363434666131366434376662653130393936326462313636353637333463
63626461393666633961643631326139623237313631616362356262393035303065346266613765
61366361656539616232303262636432363061376665343638323266383163383133303231663063
39386539306630303935343230613834666561303664313366666237336634653862306661373231
30643061313930636639643937386632626665326264626135363233303033613733653537363330
39306166303765653438343164386236306635653935623931303935396639623966333865636431
32663132323637636332316238373933326639393234663465383561336237643136666431326338
30633362613963336235666165316638633961656437373965623166346431393361363537653162
64346463393366656364636438396235653661623235336335336263626133363161316264346362
34356534633132616138623039353339303637303638636665366333393538663739643634653539
64613266616163343166613866393038623864393736616636366335616431316131343065386134
64613163316266323135643263656663336134373133396266656139346234656634303635363038
63653735613061633638363135616130373266313534363665383234386661333535306434663032
30383663656230633031373261313763613630333830313534346334303939326135343034653866
38626334366537333361326334376439373361343632353734396665663639353830396365383032
37366531646462386336376561623961333062623933636466333064306366336337343639336432
37393265636462383464643561396162373761613430636161663035313934626163666538376238
36663932646531373136333337666666613766313633663464383363353734326262643361616436
61326461326530656538626362336333623939316539383861373163396261326364396636666565
64333165393636316230373632343738653965326639633531663330373038656531333338646535
62616235353532303537326430623033626530323362343431383064376263613962643363643136
38383562643136623364663139383234363865393563326138643763323362343335623362353062
35653963336562383762643335306462323936363636333735626330653262643131666464636265
66663033396661326131376537303361373461396639626639373735353531316435346534333731
61333163373534303637326133643239653931623561663663313538376564633739303031363039
61396137303664386132373765313438643637313630646433613532363937323838653137353064
38363961663265623032343964306537343231663738356232623139396439326230306536373931
62626334626533373365666531336562623435343161613933656166626435353239363830643162
65376632663938386532666336303039666136623134336138313762643637383133303931366239
65336131323839323465376237396530373130383534363831323638306139653934323538643837
61383834623838373265663835346631303832633935636630653733363332373934623431386635
37326364646664333466656337346461306234623637373964343137636135343137383961666633
61663261653062616331663735366261623639633333626535643462396531613835393534373830
66646138316261333433623233333039383138393434663262303434666338633734326432343466
32383264306534383464646562333066663534323833653364653834643336316461303035313861
65383563386266626461663637353561306562306230643732393631323938616331386239616330
36326136383531376566393238386530323762623432626239633433333661393031366162656163
63323334626662333339383338393461633564616531366336663964333232336262353865343166
39356438653266653234313434613166663834643131323464396363633734653962653863323466
64616535646462306162626130363335316439313062316232646433303230616537356666323731
39326666623732656633653634313763353132626132316433303861623262383431633634656161
32326365333731343664303035393031363264633438356262633332313561303561303431336561
38643962323434353264393536383634373766643333313031616335326138383833616337626530
34643066373566316661323263393164636162643531646239383434646139316636663566383039
66633261383665353230643965393663376561663462373431373539653736366166363332613533
36636165663532663739663761323433316331663934353136316331313939626331653930336431
35303565323066646332303333306138633865306231613730666265363066373238623162376437
66343235653037626235356330663061643562663037353266636365346637353463653239623433
35633765353838323665326133393364653966393334653638633161653165373161366539303263
37356537633562326436656666666637386633623266353561613936616239393332393233653163
66626361303864616537623232363561303465346366666431633838343334363235633638393732
38373930613364623434663538373039313366313661656239393533343431326361626464643235
33353034333639653366323165336135316438633461653634313837363430333139353766626334
34663733666466643034343861343661386430366132353734313465663039373134356438363638
39613761336139393361356338306137363662363832383933303433633330336633373331616332
31383033663630316137623832343766353962363066363565333131346539396132383035346330
63356436383835316163376333343338656266356535633537613335383264353335626230613661
62373535366539376266623064316364383161306230656637643732616637336236613062633438
37623164666437616564303833316435353761643037623237656335663239613031326136353533
39383030383038393762343963366532326461643833633230656434623863333164653232373937
38643963643863303361306533303761633465663036326537613563383634353634356133613239
65666664633237356331613538373566333165663737353861326433323235366566323865383439
31303138666361666634333032303136343930636136663264356365633062336432363631656465
36653332313864303734303131396332306636353937633965363735356435616132376238383039
39323639633839366639643062636231306235653462373262363062376533616332613730663739
64643563623436626434663830656131373361306166663866393565313163306433653537353461
36353930393864326334666662656662616639353931303431336630376334303433666631666531
63626130646636616235636334383963656662366635643430366463366263373564313332346334
61663636376364653739626234323130343830343561303464376530633031323836613239393065
34393432353837316366333338376365343261383932373236656532373964653566663931343865
61356661376336653539373434666538613837363538616234333730343866333465326336313163
31613532373766663833316239623861306135626431336634636164303130383531633736616664
38646438613731376464646536643365663534633438376338643964663338613034636336386530
62383931323566346637346665663662643661666138373534396462623466626637323238306136
61623035366365303133326561326530393731353131356636626165663533356230346332666166
62356330376130653631363064616431306664386136323330363362616434376534656161323666
64613339623466336463326665333835326565323138346362666330323934346231383335343566
38353535326333653536613163326662333865646438353862666135663164616162653233366665
62626130383533353830363638386333303538336637376639616362333964353066356236666663
66356132323066313431323436646466343532633633633430353032666362323131636161323663
30313863663061356463303364643934636164396434346164326464336430616638316338636432
36306631346465383833656437353336336333316561366237396565303064333832383037363734
30663461366666313433666135363661333661323834633961306138626363373232306538336433
31393339383933663238343537336232666238336639356539653835316561633164303166373861
36643336663730623765396633663334653637353035313033613432663263346435633937626665
63663635636564366534343562376561303637386132313233646439663738613030333738326438
37393061636366616330313036633234363465393835393734333331643762656337313531666338
35653431633732353834616539343839353539623162613536363262663339336639313664323030
35353531386331636537396232633937666565343263306431383463626166386234313562313630
64363437663533386638656463653765326163653934653739376133373039613237376232663138
34656635376565316537303234333862343436666433613639646637316334346565303631636131
61386638626234376330396431353834636433346266396232393532306335386132
